"","id","born","lifespan","dead","year","eyec","blue","lyre","attend","fight","dist"
"1","D217949",2004,3,2007,2007,NA,NA,NA,NA,NA,NA
"900","D229025",2004,3,2007,2007,NA,NA,NA,NA,NA,NA
"1686","D229103",2004,2,2006,2006,NA,NA,NA,NA,NA,NA
"1913","D229167",2004,4,2008,2006,3.16,0.26,218,0.84,0.29,29.15
"2557","D229167",2004,4,2008,2007,4.51,0.309,217,0.65,0.29,24.6
"3530","D229193",2004,5,2009,2007,4.66,0.258,230,0.92,0.08,11.07
"3724","D154259",1999,6,2005,2005,NA,NA,NA,NA,NA,NA
"4725","D217961",2002,5,2007,2006,3.53,0.264,226,0.99,0.43,12.65
"4868","D229082",2004,2,2006,2006,NA,NA,NA,NA,NA,NA
"5318","D229658",2005,4,2009,2007,3.65,0.255,209,0.73,0.29,7.63
"5813","D229714",2005,1,2006,2006,NA,NA,NA,NA,NA,NA
"6812","D237278",2005,2,2007,2007,NA,NA,NA,NA,NA,NA
"7007","D237361",2006,2,2008,2007,5.89,0.266,223,0.91,0.1,17.49
"7696","D211445",2001,5,2006,2005,5.89,0.27,232,0.93,0.16,21.54
"8676","D154299",2002,3,2005,2005,NA,NA,NA,NA,NA,NA
"9477","D217964",2002,4,2006,2006,NA,NA,NA,NA,NA,NA
"10443","D229165",2003,5,2008,2007,5.49,0.239,210,0.15,0.25,5.66
"11173","D229170",2004,3,2007,2006,3.83,0.25,223,0.97,0.32,4
"12164","D229170",2004,3,2007,2007,NA,NA,NA,NA,NA,NA
"12810","D229718",2005,4,2009,2006,3.52,0.213,231,0.26,NA,NA
"13611","D237277",2005,2,2007,2007,NA,NA,NA,NA,NA,NA
"14253","D229093",2004,2,2006,2006,NA,NA,NA,NA,NA,NA
"14496","D229161",2003,2,2005,2005,NA,NA,NA,NA,NA,NA
"15445","D229171",2004,2,2006,2006,NA,NA,NA,NA,NA,NA
"16042","D229192",2004,2,2006,2006,NA,NA,NA,NA,NA,NA
"16947","D229509",2005,3,2008,2006,NA,NA,NA,0.28,0.13,27.46
"17007","D229633",2004,4,2008,2006,3.54,0.273,247,NA,NA,NA
"17311","D229734",2004,4,2008,2006,NA,NA,NA,0.91,0.13,37.22
"18229","D229772",2005,3,2008,2007,4.42,0.243,218,0.84,0.08,20.02
"19116","D229776",2005,3,2008,2007,NA,NA,NA,0.05,NA,NA
"19913","D211312",2000,5,2005,2005,NA,NA,NA,NA,NA,NA
"20674","D229096",2004,6,2010,2007,7.16,0.232,215,1,0.18,9.06
"20869","D211334",2000,6,2006,2005,NA,0.266,212,0.97,NA,16.28
"21834","D211334",2000,6,2006,2006,NA,NA,NA,NA,NA,NA
"22823","D217821",2002,4,2006,2006,NA,NA,NA,NA,NA,NA
"22918","D217896",2002,6,2008,2006,NA,NA,NA,0.96,0.47,26.93
"22996","D217910",2002,4,2006,2006,NA,NA,NA,NA,NA,NA
"23781","D217911",2002,4,2006,2005,3.12,0.272,225,NA,NA,NA
"24610","D229162",2004,3,2007,2007,NA,NA,NA,NA,NA,NA
"25453","D229186",2004,5,2009,2006,NA,NA,NA,1,0.34,5.1
"25962","D229735",2005,2,2007,2007,NA,NA,NA,NA,NA,NA
"26441","D229783",2004,4,2008,2006,NA,NA,NA,1,0.28,5.1
"27323","D211431",2002,3,2005,2005,NA,NA,NA,NA,NA,NA
"28290","D217910",2002,4,2006,2005,NA,0.256,232,0.97,NA,47
"28408","D217977",2002,4,2006,2006,NA,NA,NA,NA,NA,NA
"29398","D229097",2004,2,2006,2006,NA,NA,NA,NA,NA,NA
"30411","D229679",2004,4,2008,2007,NA,0.312,236,1,0.35,22.2
"31150","D237389",2006,2,2008,2007,NA,NA,NA,0.87,0.2,5
"31908","D237394",2006,2,2008,2007,4.81,0.233,226,0.98,0.09,7.21
"32344","D229771",2004,2,2006,2006,NA,NA,NA,NA,NA,NA
"33167","D237378",2006,1,2007,2007,NA,NA,NA,NA,NA,NA
"33639","D217965",2003,4,2007,2006,3.5,0.242,216,0.66,0.04,37.44
"33754","D229160",2003,4,2007,2007,NA,NA,NA,NA,NA,NA
"34772","D229160",2003,4,2007,2005,NA,0.23,232,0.96,NA,15.81
"35660","D229160",2003,4,2007,2006,NA,0.23,228,0.64,0.2,15.23
"36587","D229775",2005,2,2007,2007,NA,NA,NA,NA,NA,NA
"36873","D217949",2004,3,2007,2006,3.26,0.266,234,0.94,0.41,4
"37789","D229679",2004,4,2008,2006,NA,0.263,235,0.93,0.66,29.41
